# SFH Charge gaps. μ0=0.0, nsweeps=20, cutoff=[1.0e-8]
# L; V; hΔ-1; hΔ+1; hΔ-2; hΔ+2; uΔ-1; uΔ-2 [calculated 2025-06-01T20:39:25.352]
26; -2.0; 2.0972395098501515; -1.9027604869159838; 4.000000462883634; -3.999999569289546; 2.000001872580995; 4.028350296750482
26; -1.793103448275862; 1.909069950126181; -1.6771369576918893; 3.6229547238366564; -3.5494590674920623; 1.5862087691327318; 3.212711133724248
26; -1.5862068965517242; 1.7165836885390462; -1.4558301024862637; 3.2501048841324938; -3.0947227020744563; 1.1724156656844258; 2.3914649417257436
26; -1.3793103448275863; 1.5234942561569689; -1.2351264320926205; 2.8803139103920543; -2.6369274681223267; 0.7586225622361482; 1.567575290350561
26; -1.1724137931034482; 1.3303400483566428; -1.014487535642747; 2.513238809254638; -2.1764163524996505; 0.3448294587878564; 0.7423698314328604
26; -0.9655172413793104; 1.1373275691118856; -0.7937069278230986; 2.148738187161655; -1.7133307783555338; -0.06896364466037852; -0.08356747285161603
26; -0.7586206896551724; 0.9445684483610997; -0.5726729336756939; 1.786769979531023; -1.2477127790798725; -0.4827567481086774; -0.9099484970113032
26; -0.5517241379310345; 0.752138849545446; -0.3513094320108081; 1.4273571300029104; -0.7795394217212177; -0.8965498515569426; -1.7366172117170748
26; -0.3448275862068966; 0.5601013959056118; -0.1295537621157159; 1.0705749877475377; -0.3087353563759869; -1.3103429550052166; -2.5634825595842656
26; -0.13793103448275862; 0.3685156011269548; 0.09265353048229841; 0.716548739433879; 0.1648246015028505; -1.7241360584534915; -3.3904877669839477
26; 0.06896551724137931; 0.1774450044667475; 0.3153760409940425; 0.3654541303569232; 0.6413161993056846; -2.1379291619017704; -4.217596042164607
26; 0.27586206896551724; -0.013037693268106665; 0.5386864079874467; 0.017523781860273147; 1.1209720576626587; -2.551722265350042; -5.044782351508384
26; 0.4827586206896552; -0.202841074420558; 0.7626761726173701; -0.3269459115299078; 1.6040885712287256; -2.9655153687983216; -5.87202904442906
26; 0.6896551724137931; -0.3918485380197776; 0.9874618030964939; -0.6675837641446094; 2.0910369255105117; -3.3793084722466062; -6.699323519895
26; 0.896551724137931; -0.5799043777952324; 1.2131990614825963; -1.00393376106142; 2.582273135490281; -3.7931015756949016; -7.526656321504971
26; 1.103448275862069; -0.7667971875833182; 1.4400993624492031; -1.3354409784517642; 3.078352131782495; -4.20689467914314; -8.354020406581771
26; 1.3103448275862069; -0.9522374797465254; 1.6684521947966289; -1.6614369140231204; 3.5799423975440803; -4.620687782591428; -9.181410338001434
26; 1.5172413793103448; -1.1358284955939553; 1.8986542607546895; -1.9811228761294615; 4.087842643676276; -5.0344808860397094; -10.00882190330407
26; 1.7241379310344827; -1.3170318237119805; 2.1312440278194575; -2.2935520755682095; 4.602999648582696; -5.4482739894880154; -10.836251616109976
26; 1.9310344827586208; -1.495127084181263; 2.366941880597503; -2.59761034227326; 5.126527588761212; -5.8620670929362575; -11.663696881420442
26; 2.1379310344827585; -1.6691734472273936; 2.6066886394497653; -2.8919997287523778; 5.659724409178648; -6.275860196384528; -12.491155511308442
26; 2.3448275862068964; -1.8379830447325212; 2.851672101572336; -3.17523540034934; 6.204074944478245; -6.689653299832784; -13.31862562343381
26; 2.5517241379310347; -2.0001260058475907; 3.1033222695804907; -3.4456678791527295; 6.761228672571401; -7.1034464032810405; -14.146105765070331
26; 2.7586206896551726; -2.153995075895022; 3.363246266941709; -3.7015617463783173; 7.332921010682901; -7.517239506729339; -14.97359469201966
26; 2.9655172413793105; -2.2979528466148658; 3.6330817668518067; -3.941248245232618; 7.920820720284587; -7.93103261017761; -15.801091358390984
26; 3.1724137931034484; -2.4305657000319103; 3.914262231275787; -4.163357331447618; 8.526297839288807; -8.34482571362588; -16.628594874956974
26; 3.3793103448275863; -2.5508629033945773; 4.207757586107773; -4.367067368798963; 9.15017401051139; -8.758618817074236; -17.456104491277785
26; 3.586206896551724; -2.658526675499096; 4.513886681385953; -4.552281229957063; 9.792546355457532; -9.172411920522578; -18.283619550581548
26; 3.793103448275862; -2.753917808822268; 4.832289036715299; -4.719635611067207; 10.452778182036258; -9.586205023970649; -19.111139499310738
26; 4.0; -2.8379328474995917; 5.162066939414676; -4.870343271781068; 11.129656723267757; -9.999998127419047; -19.938663847073883
34; -2.0; 2.0740071720801687; -1.925992671028645; 4.000001436834587; -3.9999896525884537; 2.000053041274029; 4.016794662336238
34; -1.793103448275862; 1.881928841010133; -1.704278054662538; 3.6142666118585005; -3.558147182452011; 1.5862599378257656; 3.197272574302076
34; -1.5862068965517242; 1.6860686977519563; -1.4863450988025733; 3.231773641018002; -3.1130539197224323; 1.1724668343774596; 2.373284818247008
34; -1.3793103448275863; 1.4897388226830302; -1.2688818636187023; 2.851632739036628; -2.6656086395938097; 0.7586737309292602; 1.5476135569374279
34; -1.1724137931034482; 1.2933562667164225; -1.0514713192703908; 2.47358092426747; -2.2160742481314593; 0.34488062748091863; 0.7211992379438001
34; -0.9655172413793104; 1.0970806947351406; -0.8339537950259555; 2.097510674546129; -1.7645582910026576; -0.06891247596737315; -0.10560045730395728
34; -0.7586206896551724; 0.9009978602143498; -0.6162435729856099; 1.7233912537604645; -1.3110915054719143; -0.4827055794156081; -0.9326236520330689
34; -0.5517241379310345; 0.705166522749753; -0.3982817559148053; 1.3512425240559232; -0.8556540276682583; -0.8964986828639034; -1.759787581748462
34; -0.3448275862068966; 0.5096345962593425; -0.1800205520397462; 0.9811256191805526; -0.39818472890118883; -1.3102917863121597; -2.5870455105915973
34; -0.13793103448275862; 0.3144475490467613; 0.038585534891446116; 0.6131418554993147; 0.06141770919951739; -1.7240848897604426; -3.4143694087864347
34; 0.06896551724137931; 0.11965422734455444; 0.25758491938687555; 0.24743495123671977; 0.5232970192290729; -2.1378779932087184; -4.2417412303269675
34; 0.27586206896551724; -0.07469261285684325; 0.4770315298977579; -0.11580315605204206; 0.9876451195217868; -2.5516710966569907; -5.069149006970173
34; 0.4827586206896552; -0.2685202543294132; 0.6969965637503748; -0.4763203300301484; 1.4547141539647193; -2.96546420010527; -5.896584378809774
34; 0.6896551724137931; -0.4617422643751503; 0.9175680611726449; -0.8337932101824777; 1.924827479472647; -3.379257303553562; -6.724041444500525
34; 0.896551724137931; -0.6542362644264443; 1.1388671643666477; -1.187809059959374; 2.3983978250239115; -3.793050407001825; -7.551515808354651
34; 1.103448275862069; -0.8458355255733174; 1.361061004563119; -1.5378448539522367; 2.875948249336801; -4.206843510450099; -8.379004269791682
34; 1.3103448275862069; -1.0363016530797111; 1.5843879993756396; -1.883241318249457; 3.358137991628798; -4.620636613898391; -9.20650430660006
34; 1.5172413793103448; -1.2252911949724528; 1.8091915754670325; -2.2231713568541984; 3.845794161032593; -5.034429717346619; -10.034013957783316
34; 1.7241379310344827; -1.4123083247124306; 2.035967534982273; -2.556602385072331; 4.339949338147758; -5.448222820794939; -10.861531674402528
34; 1.9310344827586208; -1.5966414308400552; 2.2654275423677817; -2.8822520166452072; 4.841885915527758; -5.862015924243138; -11.689056348633777
34; 2.1379310344827585; -1.7772866320158656; 2.498575455022774; -3.1985385324812476; 5.353185608080189; -6.27580902769148; -12.516586921720439
34; 2.3448275862068964; -1.9528692214738577; 2.7367859688359033; -3.503538838183843; 5.875771506643744; -6.689602131139722; -13.344122530657145
34; 2.5517241379310347; -2.1215957150249363; 2.9818525439066708; -3.79497998511488; 6.411916567092975; -7.1033952345879925; -14.171662618996308
34; 2.7586206896551726; -2.281301760052898; 3.2359396425688782; -4.070323908854192; 6.964158849806831; -7.517188338036306; -14.999206541318244
34; 2.9655172413793105; -2.429675799183949; 3.5013587081115576; -4.327021246912208; 7.5350477035942145; -7.9309814414846045; -15.826753864054481
34; 3.1724137931034484; -2.5646951445784794; 3.7801327903549105; -4.56296117558899; 8.126693997395448; -8.344774544932903; -16.65430419343356
34; 3.3793103448275863; -2.6851439602923683; 4.073476624871475; -4.776989137317685; 8.740252241910678; -8.75856764838116; -17.48185719362702
34; 3.586206896551724; -2.790927593313217; 4.381486162309349; -4.969205773620899; 9.375621812007623; -9.172360751829544; -18.30941257938882
34; 3.793103448275862; -2.8829775515457; 4.703229779204616; -5.140848438186538; 10.03156535446233; -9.586153855277658; -19.136970096984243
34; 4.0; -2.962853247119426; 5.037147158172155; -5.293862414779836; 10.70613758818471; -9.999946958725886; -19.964529539403742
# [finished at 2025-06-01T22:20:31.155]
