# Fermi-Hubbard model DMRG. L=16, N=8
# V; μ; E; k; D; [calculated 2025-05-27T08:19:45.229]
-3.0; 0.0; -21.76393160384053; -11.678864426700935; -659.3843178596313
-3.0; 0.3333333333333333; -24.430598270507183; -11.677052438227648; -726.4049611362142
-3.0; 0.6666666666666666; -27.097264937173886; -11.678872450884999; -793.4256044127953
-3.0; 1.0; -29.763931603840547; -11.677050801994787; -860.4462476893779
-3.0; 1.3333333333333333; -32.430598270507275; -11.678872961992688; -927.4668909659588
-3.0; 1.6666666666666667; -35.09726493717384; -11.677040673157384; -994.4875342425431
-3.0; 2.0; -37.763931603840554; -11.67705604624267; -1061.5081775191245
-3.0; 2.3333333333333335; -40.43059827050727; -11.678869269298394; -1128.5288207957058
-3.0; 2.6666666666666665; -43.09726493717388; -11.67886937587408; -1195.5494640722889
-3.0; 3.0; -45.76393160384057; -11.678863308211653; -1262.5701073488713
-2.3333333333333335; 0.0; -17.470813563408296; -2.379979696823033; -499.1995695278281
-2.3333333333333335; 0.3333333333333333; -20.137480226810556; -2.3799792894911667; -566.2202128864542
-2.3333333333333335; 0.6666666666666666; -22.80414689349583; -2.3799790300683217; -633.2408561625683
-2.3333333333333335; 1.0; -25.470813560832948; -2.3799791634851433; -700.2614994223004
-2.3333333333333335; 1.3333333333333333; -28.137480225695413; -2.3799788275950924; -767.2821427442275
-2.3333333333333335; 1.6666666666666667; -30.804146894361715; -2.379979524891265; -834.3027859705533
-2.3333333333333335; 2.0; -33.470813559875765; -2.379978893853042; -901.3234292761045
-2.3333333333333335; 2.3333333333333335; -36.137480227039255; -2.3799791356554385; -968.3440725401994
-2.3333333333333335; 2.6666666666666665; -38.804146892684756; -2.3799791923213522; -1035.3647158424467
-2.3333333333333335; 3.0; -41.47081355951993; -2.3799789803073987; -1102.385359114794
-1.6666666666666667; 0.0; -14.664024797554378; 1.421454572325174; -301.65929215737947
-1.6666666666666667; 0.3333333333333333; -17.33069146422104; 1.4214545723253462; -368.6799354339618
-1.6666666666666667; 0.6666666666666666; -19.997358130887726; 1.4214545723252314; -435.7005787105435
-1.6666666666666667; 1.0; -22.664024797554358; 1.4214545723255758; -502.7212219871268
-1.6666666666666667; 1.3333333333333333; -25.330691464221065; 1.421454572324944; -569.7418652637077
-1.6666666666666667; 1.6666666666666667; -27.997358130887704; 1.4214545723250591; -636.7625085402909
-1.6666666666666667; 2.0; -30.664024797554408; 1.4214545723245997; -703.783151816872
-1.6666666666666667; 2.3333333333333335; -33.330691464221076; 1.4214545723248868; -770.8037950934545
-1.6666666666666667; 2.6666666666666665; -35.997358130887726; 1.4214545723251164; -837.8244383700377
-1.6666666666666667; 3.0; -38.66402479755444; 1.4214545723243126; -904.8450816466179
-1.0; 0.0; -12.635287384772488; 0.3831550633630219; -84.56406444910542
-1.0; 0.3333333333333333; -15.301954051439171; 0.3831550633629948; -151.5850947440992
-1.0; 0.6666666666666666; -17.96862071810582; 0.38315506336301985; -218.60573802068166
-1.0; 1.0; -20.635287384772468; 0.3831550633630532; -285.62638129726446
-1.0; 1.3333333333333333; -23.301954051439182; 0.3831550633630073; -352.64702457384504
-1.0; 1.6666666666666667; -25.968620718105846; 0.3831550633629823; -419.66766785042796
-1.0; 2.0; -28.635287384772486; 0.3831550633630282; -486.6883111270106
-1.0; 2.3333333333333335; -31.301954051439168; 0.3831550633630449; -553.7089544035929
-1.0; 2.6666666666666665; -33.96862071810579; 0.3831550633630741; -620.7295976801756
-1.0; 3.0; -36.635287384772504; 0.38315506336297395; -687.7502409567571
-0.3333333333333333; 0.0; -10.86398490072676; 0.2056373385566124; -9.36962175033843
-0.3333333333333333; 0.3333333333333333; -13.530651567393411; 0.205637338556619; -20.450540922750218
-0.3333333333333333; 0.6666666666666666; -16.197318234060088; 0.20563733855661478; -45.58328215605746
-0.3333333333333333; 1.0; -18.86398490072677; 0.2056373385566124; -80.06606942893518
-0.3333333333333333; 1.3333333333333333; -21.530651567393395; 0.2056373385566232; -129.08179872341088
-0.3333333333333333; 1.6666666666666667; -24.197318234060084; 0.2056373385566136; -196.10278171340698
-0.3333333333333333; 2.0; -26.863984900726734; 0.2056373385566232; -263.12342498998953
-0.3333333333333333; 2.3333333333333335; -29.53065156739344; 0.205637338556616; -330.144068266571
-0.3333333333333333; 2.6666666666666665; -32.197318234060084; 0.2056373385566232; -397.1647115431537
-0.3333333333333333; 3.0; -34.86398490072676; 0.2056373385566256; -464.1853548197363
0.3333333333333333; 0.0; -9.291166410562234; 0.13364759087766795; -7.271313526822304
0.3333333333333333; 0.3333333333333333; -11.957833077228905; 0.13364759087766795; -0.19485074457174
0.3333333333333333; 0.6666666666666666; -14.624499743895559; 0.13364759087766998; -7.271313526822795
0.3333333333333333; 1.0; -17.291166410562234; 0.13364759087766998; -15.648893936394565
0.3333333333333333; 1.3333333333333333; -19.957833077228898; 0.13364759087766945; -27.652117399255708
0.3333333333333333; 1.6666666666666667; -22.624499743895573; 0.13364759087766742; -52.789257269383334
0.3333333333333333; 2.0; -25.291166410562226; 0.1336475908776715; -77.97779856899164
0.3333333333333333; 2.3333333333333335; -27.957833077228884; 0.13364759087767047; -118.65158174902183
0.3333333333333333; 2.6666666666666665; -30.624499743895594; 0.13364759087766337; -168.61101992087782
0.3333333333333333; 3.0; -33.29116641056222; 0.13364759087766998; -235.63202182645577
1.0; 0.0; -7.893584571798663; 0.09476361041972277; -21.41225494706378
1.0; 0.3333333333333333; -10.560251238465336; 0.09476361041972245; -13.034674537491004
1.0; 0.6666666666666666; -13.226917905131991; 0.09476361041972335; -4.657094127917315
1.0; 1.0; -15.893584571798659; 0.09476361041972348; -0.19013964286138135
1.0; 1.3333333333333333; -18.56025123846537; 0.09476361041971901; -4.657094127916243
1.0; 1.6666666666666667; -21.22691790513198; 0.09476361041972385; -13.034674537491496
1.0; 2.0; -23.893584571798684; 0.09476361041972053; -21.412254947064067
1.0; 2.3333333333333335; -26.56025123846534; 0.09476361041972207; -34.04538427989218
1.0; 2.6666666666666665; -29.226917905131966; 0.0947636104197259; -57.416387459163964
1.0; 3.0; -31.893584571798662; 0.09476361041972207; -82.54912868788088
1.6666666666666667; 0.0; -6.663872364149751; 0.07033587697014611; -39.2793471640897
1.6666666666666667; 0.3333333333333333; -9.330539030816418; 0.07033587697014601; -26.388053053761524
1.6666666666666667; 0.6666666666666666; -11.997205697483079; 0.07033587697014594; -18.01047264395448
1.6666666666666667; 1.0; -14.663872364149732; 0.07033587697014707; -9.632892234351726
1.6666666666666667; 1.3333333333333333; -17.33053903081643; 0.07033587697014601; -0.18139675463570792
1.6666666666666667; 1.6666666666666667; -19.997205697483096; 0.07033587697014496; -0.1779482957753403
1.6666666666666667; 2.0; -22.66387236414978; 0.07033587697014523; -0.1790345889011307
1.6666666666666667; 2.3333333333333335; -25.330539030816368; 0.07033587697014748; -9.632892234350296
1.6666666666666667; 2.6666666666666665; -27.99720569748308; 0.07033587697014677; -18.010472643953765
1.6666666666666667; 3.0; -30.663872364149746; 0.0703358769701465; -26.38805305376081
2.3333333333333335; 0.0; -5.6066393702409645; 0.053533135273585004; -58.76256908833101
2.3333333333333335; 0.3333333333333333; -8.273306036907623; 0.053533135273585; -42.01314157622246
2.3333333333333335; 0.6666666666666666; -10.939972703574295; 0.0535331352735852; -30.05633892291695
2.3333333333333335; 1.0; -13.606639370240988; 0.053533135273584505; -21.678758513343308
2.3333333333333335; 1.3333333333333333; -16.273306036907634; 0.05353313527358471; -13.301178103770464
2.3333333333333335; 1.6666666666666667; -18.93997270357428; 0.05353313527358508; -4.9235976940831545
2.3333333333333335; 2.0; -21.606639370240966; 0.05353313527358483; -0.1529238673600404
2.3333333333333335; 2.3333333333333335; -24.273306036907666; 0.05353313527358385; -0.15292730404988875
2.3333333333333335; 2.6666666666666665; -26.939972703574302; 0.053533135273584755; -0.1529171050649708
2.3333333333333335; 3.0; -29.606639370240966; 0.053533135273584755; -4.923597690497202
3.0; 0.0; -4.731807974409324; 0.04140137657182289; -76.87322435666331
3.0; 0.3333333333333333; -7.398474641075992; 0.04140137657182281; -58.31693632825901
3.0; 0.6666666666666666; -10.06514130774266; 0.04140137657182282; -41.55685144984884
3.0; 1.0; -12.731807974409314; 0.04140137657182285; -31.74981571403481
3.0; 1.3333333333333333; -15.398474641075985; 0.0414013765718229; -23.37223530617213
3.0; 1.6666666666666667; -18.065141307742667; 0.0414013765718229; -14.994654896598307
3.0; 2.0; -20.73180797440932; 0.041401376571823065; -6.617074487021091
3.0; 2.3333333333333335; -23.39847464107598; 0.04140137657182316; -0.11338011979833672
3.0; 2.6666666666666665; -26.06514130774265; 0.04140137657182297; -0.11338245813529141
3.0; 3.0; -28.731807974409314; 0.04140137657182331; -0.11348848012921159
# [finished at 2025-05-27T08:43:44.023]
