# SFH state properties. μ0=0.0, nsweeps=20, cutoff=[1.0e-8]
# L; V; E; δn_M^2; S [calculated 2025-06-01T17:57:40.442]
30; -2.0; -60.0; [0.0, 0.0, 0.0, 0.0, 0.0, 0.0, 0.0, 0.0, 0.0, 0.0, 0.0, 0.0, 0.0, 0.0, 0.0, 0.0]; [0.0, 0.0, 0.0, 0.0, 0.0, 0.0, 0.0, 0.0, 0.0, 0.0, 0.0, 0.0, 0.0, 0.0, 0.0, 0.0, 0.0, 0.0, 0.0, 0.0, 0.0, 0.0, 0.0, 0.0, 0.0, 0.0, 0.0, 0.0, 0.0]
30; -1.793103448275862; -53.79310344827588; [0.0, 0.0, 0.0, 0.0, 0.0, 0.0, 0.0, 0.0, 0.0, 0.0, 0.0, 0.0, 0.0, 0.0, 0.0, 0.0]; [0.0, 0.0, 0.0, 0.0, 0.0, 0.0, 0.0, 0.0, 0.0, 0.0, 0.0, 0.0, 0.0, 0.0, 0.0, 0.0, 0.0, 0.0, 0.0, 0.0, 0.0, 0.0, 0.0, 0.0, 0.0, 0.0, 0.0, 0.0, 0.0]
30; -1.5862068965517242; -47.5862068965517; [0.0, 0.0, 0.0, 0.0, 0.0, 0.0, 0.0, 0.0, 0.0, 0.0, 0.0, 0.0, 0.0, 0.0, 0.0, 0.0]; [0.0, 0.0, 0.0, 0.0, 0.0, 0.0, 0.0, 0.0, 0.0, 0.0, 0.0, 0.0, 0.0, 0.0, 0.0, 0.0, 0.0, 0.0, 0.0, 0.0, 0.0, 0.0, 0.0, 0.0, 0.0, 0.0, 0.0, 0.0, 0.0]
30; -1.3793103448275863; -41.37931034482761; [0.0, 0.0, 0.0, 0.0, 0.0, 0.0, 0.0, 0.0, 0.0, 0.0, 0.0, 0.0, 0.0, 0.0, 0.0, 0.0]; [0.0, 0.0, 0.0, 0.0, 0.0, 0.0, 0.0, 0.0, 0.0, 0.0, 0.0, 0.0, 0.0, 0.0, 0.0, 0.0, 0.0, 0.0, 0.0, 0.0, 0.0, 0.0, 0.0, 0.0, 0.0, 0.0, 0.0, 0.0, 0.0]
30; -1.1724137931034482; -35.172413793103445; [0.0, 0.0, 0.0, 0.0, 0.0, 0.0, 0.0, 0.0, 0.0, 0.0, 0.0, 0.0, 0.0, 0.0, 0.0, 0.0]; [0.0, 0.0, 0.0, 0.0, 0.0, 0.0, 0.0, 0.0, 0.0, 0.0, 0.0, 0.0, 0.0, 0.0, 0.0, 0.0, 0.0, 0.0, 0.0, 0.0, 0.0, 0.0, 0.0, 0.0, 0.0, 0.0, 0.0, 0.0, 0.0]
30; -0.9655172413793104; -29.09897673632441; [0.08999999999999946, 0.1585989486234279, 0.20835807109811155, 0.24229075978018877, 0.26359405864800134, 0.2753766916564017, 0.28041844339419253, 0.28099014224203855, 0.2787537571492405, 0.2747497148442742, 0.2694653835861817, 0.2629667617880757, 0.2550665577374327, 0.24549737167623406, 0.23405923353662192, 0.22071617126500442]; [0.3250829733914829, 0.509768100569775, 0.6423779860035838, 0.7431957024480801, 0.8220592376208536, 0.884779304306419, 0.9351220359883866, 0.9756599580933123, 1.0082063254363336, 1.0340622279768386, 1.054167514672322, 1.06919722533848, 1.079624666352146, 1.085762637033013, 1.0877893347238872, 1.0857626370330358, 1.0796246663521867, 1.0691972253385364, 1.054167514672394, 1.034062227976928, 1.0082063254364362, 0.9756599580934103, 0.9351220359884598, 0.8847793043064606, 0.8220592376208645, 0.743195702448067, 0.6423779860035508, 0.5097681005697305, 0.3250829733914475]
30; -0.7586206896551724; -25.22761413011548; [0.2099999999967475, 0.30105293070018874, 0.34099790057505663, 0.3647155967356674, 0.37932065733368003, 0.38603826696164084, 0.38793339639568747, 0.3865521161684848, 0.38180733664793925, 0.3743580238087593, 0.36499490957092834, 0.3536245701287629, 0.34030712456404516, 0.32554531088287103, 0.3093334227918399, 0.2914677424248549]; [0.6108636168599666, 0.8632749051976649, 1.0089409954474027, 1.1067592381369522, 1.1784201359092632, 1.2337130652279957, 1.2776374045941523, 1.3130158837028778, 1.3415752089434476, 1.3644348287737615, 1.3823487302234607, 1.39583410739132, 1.4052425648801854, 1.4108020524868439, 1.4126412621832822, 1.4108019473729898, 1.4052423673692267, 1.3958337857851761, 1.3823482825623834, 1.3644343344938263, 1.3415746938569095, 1.3130153245930187, 1.2776366920616469, 1.2337121207180564, 1.1784188249574084, 1.1067576458254405, 1.008939610547313, 0.8632742519580804, 0.6108636503800915]
30; -0.5517241379310345; -22.800818203754112; [0.23222222221791664, 0.3088238728049614, 0.34368229480469614, 0.3666639847779797, 0.37786083006630844, 0.3834144749050861, 0.3848517245258093, 0.38201232423110326, 0.3768662295347608, 0.36919787096731016, 0.3592354980757779, 0.3478250943781973, 0.33449821908846145, 0.31968974391222865, 0.3036702025191872, 0.28598701557520917]; [0.6571574708722034, 0.9111535927612235, 1.0529320596057803, 1.1480476466077036, 1.2182645317372256, 1.2728168933220019, 1.3163508782321534, 1.3515118092087834, 1.3799412550170729, 1.4027187090099422, 1.4205787857369754, 1.434028563924541, 1.443414312351139, 1.4489613009955071, 1.4507965675040861, 1.4489611946827963, 1.4434141288228293, 1.4340282656298182, 1.4205783342136136, 1.402718146792044, 1.3799406727525443, 1.3515111985792347, 1.3163501719463684, 1.2728160891206075, 1.2182636419220652, 1.1480465008209506, 1.0529307828677872, 0.9111527200793528, 0.6571574835849583]
30; -0.3448275862068966; -21.073282607545934; [0.24555555555534217, 0.3050303814255686, 0.34042851726703005, 0.3594498096768049, 0.36922868613065324, 0.3744548382579575, 0.37411082935342876, 0.37167469228769806, 0.3656476472314639, 0.3580240821827918, 0.3481460333900547, 0.3366277736761199, 0.3237520861688294, 0.3091186771368085, 0.2936180076719491, 0.2763566680534127]; [0.6842316952640513, 0.9378241060909601, 1.0770012776232603, 1.1706815212550699, 1.2402445109755387, 1.2944953674008943, 1.3378780230260496, 1.3729541608220661, 1.401331668319382, 1.4240752749235364, 1.4419125975893927, 1.4553470462712836, 1.4647229032820488, 1.4702642394005312, 1.4720977048768584, 1.4702641599639532, 1.464722732633506, 1.4553467779659415, 1.4419122056895062, 1.4240747845192012, 1.4013310183772567, 1.3729532888233185, 1.3378770937722062, 1.2944944129505782, 1.2402435630622237, 1.1706805508886262, 1.0770001005959666, 0.9378231088852983, 0.6842316993202076]
30; -0.13793103448275862; -19.754503070234573; [0.24999999999999997, 0.29534508880382254, 0.33222056432058417, 0.34608630191555995, 0.3572585956266224, 0.3595864419498281, 0.36045260311669053, 0.35637394798342975, 0.3513382248746492, 0.34295389137465315, 0.33388310976709773, 0.32224383152041386, 0.31008537016998095, 0.2957568845999215, 0.28102136065724004, 0.26428683012923876]; [0.6931471805599317, 0.9462312231814941, 1.0844878569283973, 1.177716572221276, 1.2470908777777154, 1.3012590171682905, 1.344600173566117, 1.37965265619505, 1.4080154660900484, 1.4307490796879843, 1.4485796701461708, 1.462009362306463, 1.4713822537115209, 1.4769219387618722, 1.4787549044659096, 1.4769218290706825, 1.471382037600353, 1.4620090461079946, 1.4485792618985966, 1.4307485956946038, 1.4080149295563598, 1.3796520035214122, 1.3445993543344466, 1.301258123270713, 1.2470898966230601, 1.177715688606014, 1.0844869697996147, 0.9462304033024199, 0.6931471805599407]
30; 0.06896551724137931; -18.828494548857464; [0.25000000000000033, 0.28481919848172693, 0.32162871112721453, 0.3325332074875593, 0.3436966893013764, 0.3447059383174748, 0.34577451732301323, 0.34109394817172983, 0.3364542586173845, 0.3278815500735435, 0.31937826824807036, 0.3078274167178598, 0.29639189032244595, 0.28235554779944294, 0.26849304126357204, 0.25221180730773857]; [0.6931471805599452, 0.9461601132793165, 1.0844020718058072, 1.177627011290929, 1.2469997260898, 1.3011669815864197, 1.3445073957578002, 1.3795596611702525, 1.4079220672053334, 1.4306556725268524, 1.4484860031915479, 1.4619157858012597, 1.4712884999005322, 1.4768283088840326, 1.4786611370007678, 1.4768282048829813, 1.4712883096572056, 1.4619155243113868, 1.4484856630968086, 1.430655237711458, 1.407921571164333, 1.3795590799457145, 1.3445067026524777, 1.3011662160611803, 1.2469988490104946, 1.17762624035006, 1.0844012682135542, 0.9461594119163487, 0.6931471805599452]
30; 0.27586206896551724; -17.934552190792058; [0.25000000000000033, 0.27466539949808094, 0.3122888453374177, 0.3200558771196778, 0.3316348418332773, 0.3311799394862533, 0.3326974530428674, 0.3272800090250545, 0.32319201673878584, 0.3142936953349038, 0.3064579902774402, 0.29484974381258466, 0.2842009599592458, 0.27029861421732293, 0.2573483600670697, 0.2413453581336283]; [0.6931471805593588, 0.946445403167707, 1.0847518235651243, 1.1779977790689324, 1.2473792390663432, 1.3015511166854246, 1.3448943727939768, 1.3799482942482613, 1.4083118299377635, 1.4310461092615445, 1.448877092936779, 1.4623071791440307, 1.471680297121377, 1.4772201189391856, 1.4790530905823598, 1.4772200142033065, 1.4716801112775648, 1.4623069062411225, 1.4488767273012149, 1.4310456260198485, 1.4083112654102505, 1.3799476639032997, 1.3448936652361985, 1.3015503387395986, 1.2473783712473037, 1.1779969506613752, 1.0847510481936682, 0.9464447301322971, 0.6931471805596123]
30; 0.4827586206896552; -17.483143276857792; [0.245555555555515, 0.2671171697762957, 0.29924710116046793, 0.3112784146833336, 0.31646148665585255, 0.3213236120819369, 0.3174609457500241, 0.3165032699762724, 0.3088822566712405, 0.302875154143, 0.29351022130079124, 0.28324312137562624, 0.2726804892946857, 0.25911767490776993, 0.24708612816517203, 0.23129132987653137]; [0.6842317001067907, 0.9380519856862857, 1.0772986774372557, 1.171009806298172, 1.2405870867222777, 1.2948459173142741, 1.3382331060882102, 1.3733121948289708, 1.401691665010119, 1.4244364884796155, 1.4422747343852382, 1.4557096998846293, 1.4650860170522573, 1.4706276545050765, 1.472461209084673, 1.4706275896563317, 1.4650858725558609, 1.4557094619729585, 1.4422743750351006, 1.424436061494155, 1.401691111409201, 1.373311517438175, 1.3382323818510062, 1.2948451449722143, 1.2405862884024106, 1.1710090229666557, 1.0772979936343332, 0.938051442427403, 0.6842317051703015]
30; 0.6896551724137931; -17.000618560914635; [0.24555555555547637, 0.2586397143345913, 0.29150141340236513, 0.3018348200199493, 0.3061650089810262, 0.3113275981450517, 0.3063648957482647, 0.30619482316217084, 0.297879167784664, 0.2924851938200559, 0.28309401736182804, 0.2730566583586536, 0.26309646789625235, 0.2494853041573226, 0.2384277827702558, 0.22260116252035636]; [0.6842317061986809, 0.9387833332041273, 1.0782335804075849, 1.1720215411154948, 1.241633085745945, 1.2959104247446065, 1.3393082388193802, 1.374394221996776, 1.4027782435035974, 1.4255262231921095, 1.4433666605298465, 1.456803114189976, 1.4661803780256395, 1.4717224929631836, 1.4735562239834372, 1.4717224066810362, 1.4661802014287861, 1.4568028630654883, 1.4433663349700805, 1.4255258150209484, 1.4027776941940404, 1.3743935308275004, 1.3393074654889625, 1.295909564519223, 1.241632216740301, 1.1720207519060717, 1.0782329122686187, 0.9387828093063458, 0.6842317100993923]
30; 0.896551724137931; -16.54389830174399; [0.245555555553242, 0.25048377191942817, 0.28450383433500276, 0.293080943876315, 0.29665915893342143, 0.30223994248992864, 0.2960651892786373, 0.29685864356441033, 0.2877011425383743, 0.2830263403798219, 0.27353825558470896, 0.2637082336650363, 0.2543817543603128, 0.24059192345270358, 0.2305929805162598, 0.21457148089820527]; [0.6842317069671031, 0.9396441163543777, 1.079354657631892, 1.173249035411123, 1.242910195017938, 1.2972151314117426, 1.3406289434679795, 1.3757251919068878, 1.4041159130272713, 1.4268685153330958, 1.444712059514234, 1.4581506752005737, 1.4675292829282598, 1.4730721944350813, 1.4749061735073876, 1.4730720962870925, 1.4675290926142508, 1.4581503889570082, 1.4447116777051148, 1.4268680490987804, 1.404115331272308, 1.3757244671143072, 1.3406281132530715, 1.297214182287821, 1.2429092510451913, 1.1732481669405461, 1.0793539648882473, 0.9396435581905489, 0.6842317112613833]
30; 1.103448275862069; -16.190168188267023; [0.23795316292226865, 0.24762428417099616, 0.2734080525034396, 0.2905349215432391, 0.2893772384928585, 0.2987449559367245, 0.2944164932585635, 0.2936988988560129, 0.2907528031701028, 0.2828728996318, 0.27929496829122213, 0.26897827188962076, 0.2615326766850242, 0.2521961970229778, 0.23988681857367444, 0.23100122519184016]; [0.6755857834187001, 0.7879957537003119, 0.9863551572091797, 1.1038394886593201, 1.0501132054417912, 1.253245938101882, 1.1532327744785709, 1.2463684708574982, 1.3019007190854508, 1.203046166753852, 1.374002980745043, 1.2475675528312375, 1.3190109039094824, 1.355982476024595, 1.2402705764268687, 1.3958514314584358, 1.254743097594461, 1.31177031160139, 1.3340921876260878, 1.2030467696459612, 1.341809027438066, 1.1819905821315506, 1.2172438964459957, 1.2133193562164741, 1.0501133069503439, 1.1436397405344263, 0.9220122384650227, 0.8514218405379212, 0.6518343041580419]
30; 1.3103448275862069; -15.921729013603276; [0.23222690970647372, 0.2501210581924738, 0.2624938912251389, 0.28668873325487654, 0.28275444090458657, 0.28579507396806286, 0.2882130388910944, 0.27920694626961884, 0.2772874600732802, 0.2706816009816665, 0.25959446930831237, 0.2539785190792913, 0.24197329326053377, 0.22988510394748682, 0.22086247137390044, 0.20502822494888887]; [0.6571424864201616, 0.9136803583825016, 1.0563453789150465, 1.1518488075466264, 1.2221292425137262, 1.2768137243630588, 1.3203538539193063, 1.355509988639972, 1.3840101563939262, 1.4067100718267342, 1.4246375690814643, 1.4380580874209445, 1.4474180637068623, 1.4530306331170353, 1.4547804009296186, 1.4530135344326096, 1.4474388346457328, 1.4380275316558961, 1.4246477265337016, 1.4067000781506023, 1.3839886052134018, 1.3555263164415143, 1.3203198715075828, 1.2768214764360002, 1.2221184187462262, 1.1518263843673577, 1.0563597910130522, 0.9136549165697659, 0.6571373365117728]
30; 1.5172413793103448; -15.735189198818532; [0.2322222222186614, 0.24578644312627523, 0.257104142540524, 0.28219636673536586, 0.2766436227257172, 0.27983023460090073, 0.28262791149347927, 0.27272533440000135, 0.2714025794705454, 0.2648557193852973, 0.25336666569548977, 0.24851851463175711, 0.236358130104505, 0.22430965390301927, 0.21605688455207553, 0.19994921177574765]; [0.6571574695372666, 0.9148202905690236, 1.0579237432989952, 1.1535587088060921, 1.2240132271746162, 1.2786972978321314, 1.3223089570879736, 1.3575201485735682, 1.385984630796831, 1.408786114596588, 1.4266631306579567, 1.4401248613039812, 1.4495182156779236, 1.455069501036409, 1.4569062941776694, 1.4550693654718878, 1.4495179306094206, 1.4401244291248119, 1.4266625828195298, 1.4087854498600203, 1.385983808315575, 1.3575192872212227, 1.322307980738453, 1.2786961594185204, 1.2240122689732635, 1.1535578991171431, 1.0579228516756267, 0.9148197473486764, 0.6571574871754744]
30; 1.7241379310344827; -15.561570842109784; [0.2322222222221799, 0.24178446459903216, 0.25218241085824017, 0.278204249546466, 0.2710744880188488, 0.27445511062673655, 0.2776516437527207, 0.26685274883693705, 0.2661564777065919, 0.2596673891479361, 0.247766724579048, 0.2437046287570195, 0.23137085889784245, 0.21935143394149825, 0.21187567639436974, 0.19546506351715007]; [0.6571574833831659, 0.9158867757644884, 1.0594125690329685, 1.1552186165922267, 1.2257508783792108, 1.2804785925837567, 1.3241156107086083, 1.3593427487571308, 1.3878186671815291, 1.410627847578588, 1.4285101202858859, 1.4419757519377818, 1.4513714779058813, 1.4569241438425227, 1.4587615459065784, 1.4569240205867735, 1.4513712129496976, 1.4419753438299985, 1.428509595617081, 1.4106271949893714, 1.3878178580092058, 1.3593418702654256, 1.3241146230010283, 1.2804774454453247, 1.2257498684341483, 1.1552177780171546, 1.0594116753220386, 0.9158862490798814, 0.6571574986551731]
30; 1.9310344827586208; -15.399882470862746; [0.23222222220228478, 0.2380944887100279, 0.247676986554555, 0.2746441280546566, 0.2659825072438603, 0.2695844172483687, 0.2731899936311073, 0.261492161406028, 0.2614333639377014, 0.2549944106000103, 0.24266354209885546, 0.23939051226733174, 0.22685834008265363, 0.21484548712109586, 0.20813989138097727, 0.19138747542196183]; [0.6571574778876791, 0.9169673711368322, 1.060938825794607, 1.156927995451295, 1.2275436407283942, 1.2823185511872817, 1.3259829379775936, 1.361227409268543, 1.3897157694085904, 1.4125333734911254, 1.430421420294572, 1.443891270535461, 1.4532896410856149, 1.4588437792599622, 1.4606817155363663, 1.4588436375568108, 1.4532893975114445, 1.4438908841630207, 1.430420883020347, 1.412532720459947, 1.3897149550456334, 1.3612265624303754, 1.3259820079612326, 1.2823175050337134, 1.2275427782727006, 1.1569272588012915, 1.060938015817485, 0.9169668536523232, 0.6571574929510979]
30; 2.1379310344827585; -15.249189689988999; [0.23222222220093855, 0.23469491574186646, 0.24354879445870722, 0.2714648852053027, 0.261322892620688, 0.26516479134741266, 0.2691844562999016, 0.25659293360999696, 0.25717528815105956, 0.2507800052284215, 0.23800685458058554, 0.23551954284220672, 0.22276927323596996, 0.21074406992711758, 0.20479766341730016, 0.18767362203912893]; [0.6571574825302454, 0.9180506443963297, 1.0624866872498668, 1.1586693227192773, 1.2293732141510259, 1.2841988304939518, 1.3278922490352925, 1.3631547298684088, 1.3916564344656424, 1.414482797295134, 1.4323767724652567, 1.4458512747915995, 1.4552522415999072, 1.460807871740257, 1.4626465544724176, 1.46080770967037, 1.455251973506112, 1.4458508786263422, 1.432376251202962, 1.4144821674984618, 1.3916556454714735, 1.3631539141080646, 1.3278912865905008, 1.2841977133113083, 1.2293723352398374, 1.1586685876441367, 1.0624858930394787, 0.918050148983433, 0.6571574951662387]
30; 2.3448275862068964; -15.108623907320023; [0.23222222221018798, 0.23156475889766923, 0.2397625873099944, 0.26862169930643914, 0.25705541393913006, 0.2611488139864644, 0.26558357470173494, 0.2521103044296807, 0.2533307783191139, 0.24697381716399, 0.23375173695760534, 0.23204089355186677, 0.21905877213005265, 0.20700608937533535, 0.20180382383980427, 0.18428677342052777]; [0.6571574898466592, 0.9191280483091766, 1.064043664018371, 1.1604276818179389, 1.2312235502612277, 1.2861025178566492, 1.3298262171113806, 1.3651073299784415, 1.3936230239410137, 1.4164584787803811, 1.434358571638353, 1.4478380021455428, 1.457241665251315, 1.4627988716432565, 1.4646384180243197, 1.4627986836190494, 1.4572413689196, 1.4478375791219218, 1.4343580551295825, 1.4164578974583601, 1.3936222989278173, 1.3651065654475656, 1.3298253440707437, 1.2861014934437294, 1.2312226852889288, 1.1604269744358346, 1.0640428848738948, 0.9191275610381127, 0.6571575013173561]
30; 2.5517241379310347; -14.977380637201337; [0.23222222220041971, 0.22868377654345193, 0.23628651966277445, 0.2660751739704813, 0.25314378227769246, 0.25749444722013803, 0.26234172360687374, 0.24800399300876677, 0.24985438120218026, 0.2435313566708869, 0.22985863435416856, 0.2289103501720321, 0.2156866555901395, 0.20359408019314887, 0.19911787539917736, 0.18119335421064614]; [0.657157495273643, 0.9201930529129663, 1.0655995371314526, 1.1621909476107757, 1.2330813955801998, 1.2880157565070631, 1.3317706414435406, 1.3670707524497299, 1.3956009723980505, 1.4184457888764224, 1.4363521103888575, 1.4498366609342457, 1.4592430660450184, 1.4648018685029367, 1.4666423684122176, 1.4648017183155582, 1.4592427866059396, 1.4498362428613545, 1.436351578847802, 1.418445186222281, 1.3956002462888502, 1.3670699991908817, 1.3317698406274052, 1.2880148486992458, 1.2330806226888895, 1.1621902994324524, 1.0655988177420546, 0.9201925907708924, 0.6571575081892289]
30; 2.7586206896551726; -14.854716842881565; [0.2322222221864356, 0.22603259597343037, 0.23309176950116015, 0.26379069758852863, 0.24955515099597747, 0.2541641176558552, 0.2594187744713718, 0.24423823367490818, 0.24670561976045555, 0.24041301028712908, 0.2262918840335824, 0.22608819583559941, 0.21261769714422354, 0.2004755054637317, 0.1967042413424352, 0.17836427259844265]; [0.657157499495556, 0.9212409439633584, 1.0671463449727572, 1.163949240496845, 1.2349359355104892, 1.2899270795264477, 1.3337135928714616, 1.3690328122915827, 1.397577851476245, 1.4204320688575918, 1.4383446298781282, 1.4518344408052477, 1.4612435780226698, 1.466803986388423, 1.4686454967676354, 1.4668038493499727, 1.4612433000603038, 1.451834038723209, 1.4383441282174536, 1.4204315095755145, 1.3975771959652985, 1.3690321302983077, 1.3337129223657838, 1.2899263229915572, 1.2349352671764782, 1.163948653914987, 1.0671456882419044, 0.9212405289670551, 0.6571575096557776]
30; 2.9655172413793105; -14.739948155564118; [0.2322222221920801, 0.22359280930288533, 0.23015222044435502, 0.26173780732652613, 0.24625969064050166, 0.25112443246584126, 0.256778874852087, 0.24078036938920241, 0.24384886080210647, 0.23758381500341025, 0.2230197230923683, 0.2235397534517011, 0.20982010974799695, 0.19762065522922603, 0.19453144316501886, 0.17577289025754972]; [0.6571574932874533, 0.9222683270112734, 1.0686777259372584, 1.165694503205855, 1.2367782051821725, 1.2918270224366115, 1.3356453320235357, 1.3709835166984168, 1.3995435400321923, 1.4224071111085392, 1.440325866266737, 1.4538210318538394, 1.4632329060428706, 1.4687949478049047, 1.4706375068303545, 1.4687948201337067, 1.4632326532536555, 1.4538206424606912, 1.440325380302906, 1.4224065515378597, 1.3995428491810953, 1.370982808059885, 1.3356446156132784, 1.291826220054861, 1.2367775014230347, 1.165693919853962, 1.0686770868500224, 0.9222679190627964, 0.6571575052901851]
30; 3.1724137931034484; -14.632445805056557; [0.23222222220855962, 0.22134706867591938, 0.22744425898753595, 0.25988976698614946, 0.24323034242419753, 0.24834551864896515, 0.25439068403917203, 0.23760141921654376, 0.24125228159121756, 0.23501261266687978, 0.22001367242560918, 0.22123415244126388, 0.20726596686878787, 0.19500360834390149, 0.1925719738702116, 0.17339600445009734]; [0.6571574882624469, 0.9232728372094211, 1.0701886831219314, 1.167420179320976, 1.238601017770497, 1.2937081351226425, 1.3375582875703524, 1.3729151825426196, 1.4014902681204682, 1.4243631577206677, 1.4422879740773988, 1.4557885009787008, 1.4652029462007183, 1.47076653170867, 1.4726102155050376, 1.4707663827621444, 1.465202657860031, 1.4557880684228302, 1.442287421001747, 1.4243625260430315, 1.401489529889898, 1.3729144187598066, 1.3375574782851452, 1.2937072579484712, 1.2386002294963918, 1.1674195842860475, 1.0701880896944869, 0.9232724321449324, 0.6571575088020802]
30; 3.3793103448275863; -14.531632434458347; [0.23222190220483938, 0.2192798584216368, 0.22494695682773666, 0.2582237440214034, 0.24044425921889154, 0.24580244571712162, 0.252228497307661, 0.23467828995250398, 0.2388913628901516, 0.23267631431443606, 0.21725364936583363, 0.21915014165120988, 0.2049371539003895, 0.1926086821002387, 0.19080998691773896, 0.17122249466157088]; [0.6571555299690017, 0.9242455522701921, 1.0716631167181225, 1.1691120944220947, 1.2403839870636348, 1.2955454513010949, 1.3394317003199872, 1.3748027218111925, 1.403388997797928, 1.4262762994213611, 1.4442028714045272, 1.457705204108612, 1.4671283628410152, 1.4726896794104076, 1.4745311908780476, 1.4726931527133234, 1.4671246848824993, 1.4577046114587207, 1.444206182354321, 1.4262726167859585, 1.4033878423438448, 1.3748057347765834, 1.339428144287799, 1.2955443584193878, 1.240387693788383, 1.1691088135279062, 1.0716620148551899, 0.9242489073298518, 0.6571518613028589]
30; 3.586206896551724; -14.451107071460397; [0.22164229783136233, 0.2293889639528943, 0.2265853661551471, 0.2597292651349231, 0.2580835436818548, 0.25462956951885085, 0.26669902784162836, 0.26217098970404307, 0.25797828143181056, 0.26216082978415106, 0.25645800125680807, 0.2511818337268413, 0.2512084584640094, 0.24500710824674568, 0.2381070612196244, 0.23560795672720314]; [0.6015096273905219, 0.8320005871945306, 0.8269882213682593, 1.0401980449000523, 1.09973315726, 1.003472032739833, 1.1668805405387728, 1.1947183000336783, 1.0766894610983686, 1.2232913477674008, 1.2383599526403972, 1.1102943771750353, 1.2477398361668124, 1.2550759752009886, 1.1203178817853456, 1.2511641296439135, 1.2520454709374833, 1.1107644858480565, 1.2348951136318291, 1.2279309932717188, 1.0776676622426973, 1.1917428818773066, 1.1715384656781398, 1.0046737224218383, 1.0968493766051157, 1.0442263291422882, 0.8275188444079823, 0.8279844186325332, 0.6045313509679429]
30; 3.793103448275862; -14.397274423244317; [0.21835410025020405, 0.22893696324492685, 0.2238177448531697, 0.2550813155900716, 0.2546757130651766, 0.2480482205904055, 0.2583836797475797, 0.25352812937274516, 0.245413550251905, 0.2480096059210664, 0.24043388478437178, 0.23072471708720912, 0.2292637588287096, 0.21968795812071215, 0.20811785666664356, 0.2041416982252031]; [0.6236982106564471, 0.7932708799286613, 0.809988948975644, 1.0796380223531736, 1.0778256014481427, 0.9973104952039904, 1.216017884529662, 1.181766104602704, 1.077618433219615, 1.278995719653347, 1.2310487858659478, 1.1153599965110605, 1.3068957953923652, 1.250289870772927, 1.126647353158499, 1.3106143110908037, 1.2465198046885486, 1.115360479847512, 1.2914022987969898, 1.2184799639739667, 1.077619267969224, 1.2422382736164177, 1.1552751937242824, 0.9973121521588207, 1.138435863157597, 1.018485790460806, 0.8099883465451806, 0.8588194433038409, 0.5806606778644728]
30; 4.0; -14.343712275886226; [0.2182241189922106, 0.22742383098603117, 0.22199716406073994, 0.25323805295833085, 0.25196877008262264, 0.2454215267494565, 0.2554626815521967, 0.2498231864373266, 0.24197030924525578, 0.2441506435135908, 0.2358206669299904, 0.22646805385199825, 0.2245421769409315, 0.21424182909104775, 0.20307336764149722, 0.19862896473684158]; [0.6452088981171185, 0.7704307365360178, 0.844570194275989, 1.117216394278026, 1.0569072943007285, 1.031874048999404, 1.2534676857212215, 1.1607053892938866, 1.1120280350916614, 1.316255767412647, 1.2098843580698668, 1.149633214622577, 1.3440243470824491, 1.2290667452115243, 1.1608718037589274, 1.3477031570073774, 1.2252832926712958, 1.1496336147330173, 1.328544043551286, 1.1972688625713295, 1.1120292934882996, 1.2795246496693435, 1.134114224685423, 1.0318766257789835, 1.1758471151620753, 0.9972776749276191, 0.8445707918910443, 0.8984146795556489, 0.5625297298131355]
# [finished at 2025-06-01T18:49:41.754]
